<?xml version="1.0"?>
<opencv_storage>
<calibration_time>"sáb 17 feb 2018 17:45:23 -03"</calibration_time>
<nframes>14</nframes>
<image_width>4096</image_width>
<image_height>3072</image_height>
<board_width>9</board_width>
<board_height>6</board_height>
<square_size>1.</square_size>
<aspectRatio>1.</aspectRatio>
<flags>2</flags>
<camera_matrix type_id="opencv-matrix">
  <rows>3</rows>
  <cols>3</cols>
  <dt>d</dt>
  <data>
    1.5386161731452676e+03 0. 2.0266597218655529e+03 0.
    1.5386161731452676e+03 1.5335188613939454e+03 0. 0. 1.</data></camera_matrix>
<distortion_coefficients type_id="opencv-matrix">
  <rows>5</rows>
  <cols>1</cols>
  <dt>d</dt>
  <data>
    7.5522437526580305e-02 -1.1012900510879671e-01
    -1.4502064055429417e-04 -4.8827494106414319e-03
    2.1204623264240191e-02</data></distortion_coefficients>
<avg_reprojection_error>1.4442575568405982e+00</avg_reprojection_error>
<per_view_reprojection_errors type_id="opencv-matrix">
  <rows>14</rows>
  <cols>1</cols>
  <dt>f</dt>
  <data>
    8.80663991e-01 1.44511724e+00 1.75423717e+00 1.02879155e+00
    1.09886038e+00 8.30333352e-01 1.66406071e+00 8.97199214e-01
    1.14380121e+00 8.59227717e-01 1.29476571e+00 1.53840280e+00
    1.97355711e+00 2.59750485e+00</data></per_view_reprojection_errors>
<extrinsic_parameters type_id="opencv-matrix">
  <rows>14</rows>
  <cols>6</cols>
  <dt>d</dt>
  <data>
    4.7968690266714781e-01 -6.7723243744233641e-01
    2.9289512765473220e+00 4.4293114298588891e+00
    -8.9658644644650760e+00 2.2067961681166782e+01
    7.6345602131806523e-01 -8.1279736414316861e-01
    2.7842603938032431e+00 9.3078379450997073e-01
    -1.1029725972902943e+01 2.1692779784557281e+01
    -1.4022612886628125e+00 5.9572060117480718e-01
    -2.5958298531900090e+00 1.2630265824134090e+01
    -1.1811967617576443e+01 2.0871203271179077e+01
    -1.0482985062795844e+00 4.3292494262837700e-01
    -2.7487381212844619e+00 9.5162033557249277e+00
    -4.8873904535165060e+00 2.3419143856771562e+01
    -1.8397914215203581e-01 -2.8093853214686160e-01
    2.8357566523633833e+00 -6.0837094729947703e+00
    -6.6744188691374120e+00 2.4584596397492234e+01
    1.5757344423631012e-01 -1.5781371894567253e-01
    3.0654194619970183e+00 8.8742349084855583e+00
    -5.9112805591759869e+00 2.5155792268794823e+01
    -2.5816445168208052e-01 5.6974243079093023e-01
    -3.0746981103330082e+00 8.2239894950769887e+00
    -2.2065454627724059e+00 1.3516305452970379e+01
    -5.4641649596407216e-01 7.9246367365829407e-01
    -2.9206690748910824e+00 8.4271520941448905e+00
    -1.3482813498696229e+01 2.6204341504857052e+01
    -8.5050126101641499e-01 6.8695375945945081e-01
    -2.8098907030193230e+00 1.9728213819636370e+01
    -1.1956436728637314e+01 2.2526028795735172e+01
    3.9710503671719272e-01 1.6976166303824092e-02 3.1091938777128370e+00
    1.1341391179606315e+01 -2.7450691584314141e-01
    2.8253140194250580e+01 -5.7622713754706700e-01
    2.0398988414548197e-01 -2.9644066745268876e+00
    8.9245254408060095e+00 -2.2838314815396754e+00
    1.8738272217320539e+01 -5.7189071081184595e-01
    -9.4550087899539437e-01 2.6332224000335711e+00
    -5.6644479284406823e-01 -7.1288840373813693e+00
    2.0601708324406857e+01 -7.9406590761280116e-01
    4.6944060889697692e-01 -2.9572136124326960e+00
    6.1238735325598022e+00 -3.1749132297642575e+00
    1.1284656776622752e+01 -4.6243012891396040e-01
    7.1816890150694290e-01 -2.9927685880658825e+00
    1.6485532471767654e+00 -6.6514687719611061e+00
    1.5704501194227674e+01</data></extrinsic_parameters>
<image_points type_id="opencv-matrix">
  <rows>14</rows>
  <cols>54</cols>
  <dt>"2f"</dt>
  <data>
    2.33784692e+03 9.02709961e+02 2.26722803e+03 9.13887268e+02
    2.20006055e+03 9.23417664e+02 2.13415015e+03 9.34166809e+02
    2.06863867e+03 9.43811462e+02 2.00614673e+03 9.53428345e+02
    1.94541577e+03 9.62321350e+02 1.88582788e+03 9.70829102e+02
    1.82876013e+03 9.79767090e+02 2.33146216e+03 8.25545654e+02
    2.25964697e+03 8.37629639e+02 2.19026880e+03 8.49321594e+02
    2.12276074e+03 8.61030762e+02 2.05731201e+03 8.71440796e+02
    1.99401538e+03 8.82490601e+02 1.93153345e+03 8.93189270e+02
    1.87196155e+03 9.02147217e+02 1.81340002e+03 9.12174805e+02
    2.32567676e+03 7.45683533e+02 2.25204321e+03 7.59353760e+02
    2.18195508e+03 7.72282898e+02 2.11229956e+03 7.85216187e+02
    2.04607385e+03 7.97220886e+02 1.98175439e+03 8.09096130e+02
    1.91859607e+03 8.20734802e+02 1.85766907e+03 8.31828064e+02
    1.79880493e+03 8.42624817e+02 2.31892261e+03 6.61996765e+02
    2.24443652e+03 6.77389404e+02 2.17263184e+03 6.91894043e+02
    2.10334448e+03 7.05842957e+02 2.03468457e+03 7.18527527e+02
    1.96875830e+03 7.31860168e+02 1.90442004e+03 7.45588806e+02
    1.84356384e+03 7.57311096e+02 1.78333191e+03 7.69573181e+02
    2.31185791e+03 5.75786621e+02 2.23597510e+03 5.92796448e+02
    2.16363916e+03 6.08686890e+02 2.09222925e+03 6.23923523e+02
    2.02438806e+03 6.39466187e+02 1.95701160e+03 6.53526550e+02
    1.89130603e+03 6.67700500e+02 1.82803467e+03 6.81463135e+02
    1.76838416e+03 6.95125732e+02 2.30345972e+03 4.85407288e+02
    2.22714331e+03 5.04397125e+02 2.15423071e+03 5.22027039e+02
    2.08181396e+03 5.40037842e+02 2.01257690e+03 5.55523315e+02
    1.94467004e+03 5.71945557e+02 1.87727063e+03 5.86576355e+02
    1.81281287e+03 6.01748474e+02 1.74988953e+03 6.16259216e+02
    2.09165283e+03 7.40960205e+02 2.02955542e+03 7.59450317e+02
    1.97077173e+03 7.75518555e+02 1.91448169e+03 7.91819580e+02
    1.86064294e+03 8.06935852e+02 1.80863184e+03 8.21842163e+02
    1.75972510e+03 8.35731812e+02 1.71209497e+03 8.48539124e+02
    1.66666553e+03 8.61388062e+02 2.07166260e+03 6.60867737e+02
    2.00840796e+03 6.81607849e+02 1.94845557e+03 7.01172180e+02
    1.89127734e+03 7.18464661e+02 1.83678906e+03 7.35713867e+02
    1.78483459e+03 7.52553528e+02 1.73370728e+03 7.67214539e+02
    1.68736475e+03 7.82938538e+02 1.64130774e+03 7.97504089e+02
    2.05457495e+03 5.77891357e+02 1.98950842e+03 6.00853210e+02
    1.92881055e+03 6.21331116e+02 1.86918530e+03 6.42451233e+02
    1.81359326e+03 6.60707703e+02 1.76087024e+03 6.80429688e+02
    1.70964124e+03 6.97721130e+02 1.66160107e+03 7.14091919e+02
    1.61547888e+03 7.30494507e+02 2.03275598e+03 4.90392059e+02
    1.96865063e+03 5.15186829e+02 1.90790454e+03 5.39389832e+02
    1.84845300e+03 5.61929077e+02 1.78993079e+03 5.83284912e+02
    1.73641687e+03 6.04235962e+02 1.68359204e+03 6.23838196e+02
    1.63650391e+03 6.42074524e+02 1.59017725e+03 6.60038391e+02
    2.01083557e+03 4.02075500e+02 1.94532068e+03 4.27854095e+02
    1.88527380e+03 4.54455811e+02 1.82521997e+03 4.79059021e+02
    1.76871106e+03 5.02472046e+02 1.71280115e+03 5.26449463e+02
    1.65897363e+03 5.47740234e+02 1.60884802e+03 5.67514893e+02
    1.56366931e+03 5.87635010e+02 1.98729626e+03 3.10427246e+02
    1.92294507e+03 3.38905884e+02 1.86122107e+03 3.67184631e+02
    1.80069421e+03 3.94593903e+02 1.74410254e+03 4.19503845e+02
    1.68776697e+03 4.45475311e+02 1.63374194e+03 4.69226624e+02
    1.58278491e+03 4.91023010e+02 1.53438916e+03 5.13286011e+02
    2.95564697e+03 6.60604492e+02 2.88417700e+03 6.69502686e+02
    2.81835327e+03 6.76464600e+02 2.75577783e+03 6.84576172e+02
    2.69644434e+03 6.92459167e+02 2.64179321e+03 6.99913879e+02
    2.58996069e+03 7.06959717e+02 2.54111523e+03 7.13522156e+02
    2.49527588e+03 7.19936829e+02 2.96198804e+03 5.78366211e+02
    2.88988696e+03 5.88141663e+02 2.82271997e+03 5.98167053e+02
    2.75989551e+03 6.08327881e+02 2.70064282e+03 6.17819092e+02
    2.64483057e+03 6.27679504e+02 2.59081567e+03 6.37411926e+02
    2.54308154e+03 6.44722473e+02 2.49612305e+03 6.53720520e+02
    2.97184253e+03 4.96366608e+02 2.89878882e+03 5.07669739e+02
    2.83229443e+03 5.18498962e+02 2.76539624e+03 5.30588074e+02
    2.70559521e+03 5.42437927e+02 2.64860840e+03 5.53818359e+02
    2.59535352e+03 5.65049377e+02 2.54471216e+03 5.75291748e+02
