%YAML:1.0
---
calibration_time: "mar 20 jun 2017 20:51:52 UYT"
nframes: 10
image_width: 856
image_height: 480
board_width: 9
board_height: 7
square_size: 1.
aspectRatio: 1.
flags: 2
camera_matrix: !!opencv-matrix
   rows: 3
   cols: 3
   dt: d
   data: [ 6.8710499756892511e+02, 0., 3.7766459293888369e+02, 0.,
       6.8710499756892511e+02, 1.1638261420537759e+02, 0., 0., 1. ]
distortion_coefficients: !!opencv-matrix
   rows: 5
   cols: 1
   dt: d
   data: [ 4.0312115024644113e-01, -5.7864870721177275e-01,
       -1.3449353607710340e-01, -3.0830682853311343e-02,
       6.7156902051179623e-01 ]
avg_reprojection_error: 1.6830785761407994e+00
per_view_reprojection_errors: !!opencv-matrix
   rows: 10
   cols: 1
   dt: f
   data: [ 8.18295419e-01, 5.94096422e-01, 6.49253845e-01,
       4.93524361e+00, 8.30483556e-01, 4.67889220e-01, 3.89130324e-01,
       4.67484415e-01, 4.79565829e-01, 1.00908220e+00 ]
extrinsic_parameters: !!opencv-matrix
   rows: 10
   cols: 6
   dt: d
   data: [ 3.5262554557013770e-01, 4.0659233715094700e-01,
       2.9060680390847637e+00, 1.4188730836840924e+00,
       7.2358686282169646e+00, 2.7478039906880230e+01,
       -5.0587081295096530e-02, 2.3313062535873413e-01,
       3.0183329273872839e+00, -7.0594175205165008e+00,
       9.5378402316401552e+00, 3.6822705046137138e+01,
       4.1571369704196065e-01, 1.1145832260371120e+00,
       2.7584730797430570e+00, 4.6911736532892352e+00,
       9.3933403162562179e+00, 2.6182746033047568e+01,
       8.0821542170592162e-02, 8.4048487147563233e-01,
       2.8356919899548960e+00, -5.9531212180983151e-01,
       2.1117960219063296e+01, 4.8305011435669989e+01,
       1.2529121729175685e+00, 2.0275870283268833e-03,
       2.1510326991900315e+00, 1.5954243418506934e+01,
       5.1837581630022154e+00, 2.7115103838670922e+01,
       1.4347589851526932e-01, 2.9856841503122744e-01,
       2.6328665815676704e-02, -2.9529720044403334e+00,
       2.6663315315702305e+00, 3.0320781838204518e+01,
       2.5125795511309867e-01, 5.9752808406198599e-01,
       2.9281422954765612e+00, -3.5102468882674680e+00,
       1.6714033670740296e+01, 3.7343360905449082e+01,
       -6.8878928143023410e-01, 4.3763429222274407e-02,
       2.9060897160557575e+00, 9.1937655018890882e-02,
       9.0056383761105572e+00, 4.2944592046217927e+01,
       -9.9059530134464391e-01, 6.2125902138425296e-02,
       2.8422263112772304e+00, -8.5043496084419932e+00,
       1.1170308282639406e+01, 3.9418772740403682e+01,
       3.9393900264648873e-01, 5.5698392919702189e-01,
       2.3721771575985433e+00, 3.4575741968418292e+00,
       6.2959945856666684e+00, 2.1339472725110085e+01 ]
image_points: !!opencv-matrix
   rows: 10
   cols: 63
   dt: "2f"
   data: [ 4.10873779e+02, 2.82748505e+02, 3.87570404e+02,
       2.86379944e+02, 3.64556152e+02, 2.89805450e+02, 3.41774048e+02,
       2.93419403e+02, 3.19418030e+02, 2.96688293e+02, 2.97537476e+02,
       2.99822113e+02, 2.75677551e+02, 3.03033417e+02, 2.54484604e+02,
       3.06283600e+02, 2.33264450e+02, 3.09366852e+02, 4.07540375e+02,
       2.60586182e+02, 3.84200867e+02, 2.64454865e+02, 3.61259491e+02,
       2.68022278e+02, 3.38498230e+02, 2.71729370e+02, 3.16415253e+02,
       2.75153046e+02, 2.94404236e+02, 2.78556030e+02, 2.72764587e+02,
       2.81781921e+02, 2.51402191e+02, 2.85207977e+02, 2.30617950e+02,
       2.88516266e+02, 4.03957886e+02, 2.38893372e+02, 3.80924530e+02,
       2.42645508e+02, 3.58177887e+02, 2.46491547e+02, 3.35545166e+02,
       2.50169296e+02, 3.13399841e+02, 2.53660263e+02, 2.91686249e+02,
       2.57306702e+02, 2.69743134e+02, 2.60736328e+02, 2.48631027e+02,
       2.64200165e+02, 2.27496719e+02, 2.67633514e+02, 4.00780548e+02,
       2.17174896e+02, 3.77603210e+02, 2.20990875e+02, 3.55179749e+02,
       2.25097092e+02, 3.32548492e+02, 2.28833801e+02, 3.10566742e+02,
       2.32510651e+02, 2.88527679e+02, 2.36302475e+02, 2.67236938e+02,
       2.39646362e+02, 2.45774765e+02, 2.43433990e+02, 2.24916077e+02,
       2.46992981e+02, 3.97480896e+02, 1.95656830e+02, 3.74761475e+02,
       1.99906662e+02, 3.52237946e+02, 2.03745819e+02, 3.29815674e+02,
       2.07645844e+02, 3.07693604e+02, 2.11570602e+02, 2.86072083e+02,
       2.15322647e+02, 2.64458618e+02, 2.19142456e+02, 2.43266388e+02,
       2.22931702e+02, 2.22095383e+02, 2.26429672e+02, 3.94387970e+02,
       1.74376282e+02, 3.71480438e+02, 1.78495178e+02, 3.49164764e+02,
       1.82517166e+02, 3.26701843e+02, 1.86714752e+02, 3.05230560e+02,
       1.90721207e+02, 2.83205902e+02, 1.94540176e+02, 2.61948944e+02,
       1.98447952e+02, 2.40526657e+02, 2.02069214e+02, 2.19730774e+02,
       2.05977158e+02, 3.91189056e+02, 1.52900726e+02, 3.68590698e+02,
       1.57473587e+02, 3.46122070e+02, 1.61594025e+02, 3.24218811e+02,
       1.65806061e+02, 3.02392944e+02, 1.69817749e+02, 2.80460480e+02,
       1.73874161e+02, 2.59290894e+02, 1.77816513e+02, 2.38117340e+02,
       1.81890854e+02, 2.16851257e+02, 1.85647812e+02, 2.46210953e+02,
       2.81358795e+02, 2.26952377e+02, 2.82631531e+02, 2.07290909e+02,
       2.84357849e+02, 1.87504745e+02, 2.86041656e+02, 1.67352585e+02,
       2.87785278e+02, 1.46975555e+02, 2.89484985e+02, 1.26518250e+02,
       2.91134827e+02, 1.05757462e+02, 2.92886963e+02, 8.45759964e+01,
       2.94608124e+02, 2.44378937e+02, 2.64419556e+02, 2.25174942e+02,
       2.65961700e+02, 2.05407700e+02, 2.67399872e+02, 1.85429779e+02,
       2.69080292e+02, 1.65487152e+02, 2.70533630e+02, 1.44732819e+02,
       2.71919983e+02, 1.24341133e+02, 2.73701324e+02, 1.02981735e+02,
       2.75444397e+02, 8.23208237e+01, 2.77214355e+02, 2.42669403e+02,
       2.47772476e+02, 2.23409653e+02, 2.48763687e+02, 2.03617538e+02,
       2.50400681e+02, 1.83520721e+02, 2.51828781e+02, 1.63275604e+02,
       2.53349365e+02, 1.42788788e+02, 2.54652847e+02, 1.22016602e+02,
       2.56144653e+02, 1.00747475e+02, 2.57790619e+02, 7.94150085e+01,
       2.59265961e+02, 2.41006058e+02, 2.30391068e+02, 2.21374847e+02,
       2.32011429e+02, 2.01761887e+02, 2.33245193e+02, 1.81609833e+02,
       2.34610382e+02, 1.61355621e+02, 2.35946884e+02, 1.40486313e+02,
       2.37195419e+02, 1.19730644e+02, 2.38611069e+02, 9.84534683e+01,
       2.40178818e+02, 7.67804108e+01, 2.41589279e+02, 2.39323242e+02,
       2.13437378e+02, 2.19566360e+02, 2.14565506e+02, 1.99932007e+02,
       2.15711060e+02, 1.79891586e+02, 2.17252457e+02, 1.59420929e+02,
       2.18360031e+02, 1.38662018e+02, 2.19526688e+02, 1.17464447e+02,
       2.20864792e+02, 9.61422882e+01, 2.22425644e+02, 7.40659714e+01,
       2.23575119e+02, 2.37650421e+02, 1.96191422e+02, 2.17789551e+02,
       1.97315628e+02, 1.97859558e+02, 1.98425674e+02, 1.77614151e+02,
       1.99468918e+02, 1.57492844e+02, 2.00597626e+02, 1.36384949e+02,
       2.01912323e+02, 1.15278000e+02, 2.03041595e+02, 9.34987411e+01,
       2.04058670e+02, 7.18962173e+01, 2.05543655e+02, 2.36039001e+02,
       1.78823715e+02, 2.16122162e+02, 1.79760452e+02, 1.95975937e+02,
       1.80819397e+02, 1.75929886e+02, 1.81797333e+02, 1.55374023e+02,
       1.82733551e+02, 1.34438049e+02, 1.83986237e+02, 1.12878555e+02,
       1.84939026e+02, 9.14418945e+01, 1.86277252e+02, 6.91048203e+01,
       1.87260254e+02, 4.91420807e+02, 3.35280487e+02, 4.66757965e+02,
       3.39520874e+02, 4.42432068e+02, 3.43262543e+02, 4.18878113e+02,
       3.47268463e+02, 3.95359436e+02, 3.50930695e+02, 3.72541809e+02,
       3.54524841e+02, 3.49828491e+02, 3.58345398e+02, 3.28043365e+02,
       3.61944916e+02, 3.06130005e+02, 3.65352356e+02, 4.88495880e+02,
       3.14491760e+02, 4.64353455e+02, 3.18390442e+02, 4.40714417e+02,
       3.22401855e+02, 4.17404999e+02, 3.26402313e+02, 3.94916077e+02,
       3.30420837e+02, 3.71684387e+02, 3.33869049e+02, 3.50644714e+02,
       3.37763062e+02, 3.28921478e+02, 3.41534119e+02, 3.07454010e+02,
       3.45327606e+02, 4.85451996e+02, 2.94301819e+02, 4.62410553e+02,
       2.98458740e+02, 4.39181946e+02, 3.02607758e+02, 4.16578247e+02,
