%YAML:1.0
---
calibration_time: "mar 08 ago 2017 19:51:53 UYT"
nframes: 10
image_width: 640
image_height: 480
board_width: 7
board_height: 7
square_size: 1.
aspectRatio: 1.
flags: 2
camera_matrix: !!opencv-matrix
   rows: 3
   cols: 3
   dt: d
   data: [ 9.0349677104287230e+02, 0., 3.1801716245770621e+02, 0.,
       9.0349677104287230e+02, 1.0339929044950360e+02, 0., 0., 1. ]
distortion_coefficients: !!opencv-matrix
   rows: 5
   cols: 1
   dt: d
   data: [ 4.8729805206966542e-01, -1.1441028348243871e+00,
       -1.0495937548646615e-01, 2.7894082581863826e-03,
       2.4154637069022185e+00 ]
avg_reprojection_error: 4.6850782677314184e-01
per_view_reprojection_errors: !!opencv-matrix
   rows: 10
   cols: 1
   dt: f
   data: [ 6.53387427e-01, 7.01862276e-01, 7.09593773e-01,
       1.63075492e-01, 3.34861279e-01, 3.85133117e-01, 4.22836244e-01,
       3.71722639e-01, 3.05308193e-01, 2.73335338e-01 ]
extrinsic_parameters: !!opencv-matrix
   rows: 10
   cols: 6
   dt: d
   data: [ 4.1643931644742789e-02, 2.7064071264368927e-01,
       1.4698036137484658e+00, 1.3989638941911438e+00,
       3.7308857265822675e+00, 2.5156984784649175e+01,
       -1.9000886726354826e-01, 3.4098384344641514e-01,
       1.4506357120259588e+00, -1.2987241776750043e+00,
       8.0883902539034513e-01, 2.7247810328637346e+01,
       -9.2207310503561762e-02, 3.4266953111796850e-01,
       1.3573666375570645e+00, -1.6425044097029928e+00,
       1.5868349403337914e+00, 2.6638408501356178e+01,
       -1.6981762250584626e-01, 3.3244719919242993e-01,
       1.3434888418985602e+00, -5.7095367169907885e+00,
       7.3650577534594053e+00, 5.3130429838898351e+01,
       -1.8354395334006560e-01, 1.5449113366356060e-01,
       1.3394345633491533e+00, -6.8121227152571340e+00,
       -3.8777604659188110e+00, 4.7194037383933825e+01,
       -3.0676812037116485e-01, -4.4771097602394581e-02,
       1.5305296092820548e+00, 1.3947468980282402e+01,
       5.2792721347320564e+00, 4.3084487882029649e+01,
       -7.4353857359987696e-01, 1.8827009696294097e-01,
       2.6396862165419803e-02, -1.2842038760564882e+00,
       1.0790500866111758e+01, 4.5341881013895637e+01,
       9.3454355267956049e-02, 1.2132930499811587e-01,
       1.4406851923891755e+00, 1.8249891404131227e+00,
       -3.1082781264984400e+00, 4.2533505198269737e+01,
       -2.6101528540975045e-02, 4.0080781201086613e-01,
       1.5065741911386232e+00, 2.9192403668227658e+00,
       6.9841030053302120e+00, 3.9215342295625078e+01,
       -4.3078520407167442e-01, -4.7191229754427455e-01,
       -4.6710145077524579e-02, -1.2179927779997314e+01,
       1.0229018085812655e+01, 4.4032041006492861e+01 ]
image_points: !!opencv-matrix
   rows: 10
   cols: 49
   dt: "2f"
   data: [ 3.67515747e+02, 2.33254303e+02, 3.70410461e+02,
       2.66623688e+02, 3.72938293e+02, 3.00250397e+02, 3.76285950e+02,
       3.34621918e+02, 3.79523682e+02, 3.68841217e+02, 3.82598419e+02,
       4.04248199e+02, 3.87012268e+02, 4.39407501e+02, 3.32746094e+02,
       2.35721085e+02, 3.35434631e+02, 2.68646454e+02, 3.38310272e+02,
       3.02488251e+02, 3.41613251e+02, 3.36325653e+02, 3.44526703e+02,
       3.70397675e+02, 3.47412933e+02, 4.05317719e+02, 3.50144165e+02,
       4.40789795e+02, 2.99118927e+02, 2.37672958e+02, 3.01737885e+02,
       2.70932709e+02, 3.04428192e+02, 3.03921997e+02, 3.06730042e+02,
       3.37817413e+02, 3.10202759e+02, 3.71690948e+02, 3.12716431e+02,
       4.06077332e+02, 3.15438721e+02, 4.40996613e+02, 2.65791504e+02,
       2.40396927e+02, 2.67841187e+02, 2.73013092e+02, 2.70160675e+02,
       3.06129028e+02, 2.72900421e+02, 3.39410980e+02, 2.75706238e+02,
       3.73028748e+02, 2.77978638e+02, 4.07367706e+02, 2.80402313e+02,
       4.42284027e+02, 2.32430206e+02, 2.42479630e+02, 2.34037323e+02,
       2.75205872e+02, 2.36171600e+02, 3.07681763e+02, 2.39155136e+02,
       3.40850281e+02, 2.41222839e+02, 3.74486755e+02, 2.44227768e+02,
       4.08181702e+02, 2.46329376e+02, 4.42409485e+02, 1.99587769e+02,
       2.45121414e+02, 2.01613235e+02, 2.77159637e+02, 2.03093567e+02,
       3.09847473e+02, 2.05990448e+02, 3.42535095e+02, 2.08304260e+02,
       3.75839264e+02, 2.10196762e+02, 4.09207977e+02, 2.12808289e+02,
       4.43245819e+02, 1.68725098e+02, 2.47247940e+02, 1.69827576e+02,
       2.79418610e+02, 1.71102585e+02, 3.11448792e+02, 1.71984741e+02,
       3.44476593e+02, 1.74201508e+02, 3.77545410e+02, 1.77339508e+02,
       4.10582733e+02, 1.79516022e+02, 4.44463379e+02, 2.76449646e+02,
       1.30271286e+02, 2.78651947e+02, 1.61031723e+02, 2.80940887e+02,
       1.92287338e+02, 2.83229858e+02, 2.23962326e+02, 2.85561768e+02,
       2.56263428e+02, 2.87861328e+02, 2.88695801e+02, 2.90120148e+02,
       3.21837555e+02, 2.43484390e+02, 1.33276123e+02, 2.45378021e+02,
       1.64031540e+02, 2.47365402e+02, 1.95121399e+02, 2.49562714e+02,
       2.26958435e+02, 2.51523605e+02, 2.59138550e+02, 2.53588867e+02,
       2.91585815e+02, 2.55569855e+02, 3.24778534e+02, 2.10313721e+02,
       1.35776123e+02, 2.12183762e+02, 1.66838562e+02, 2.13978699e+02,
       1.97931992e+02, 2.15843979e+02, 2.29666473e+02, 2.17796875e+02,
       2.61802124e+02, 2.19686981e+02, 2.94495422e+02, 2.21083267e+02,
       3.27398560e+02, 1.77334290e+02, 1.38979782e+02, 1.78797623e+02,
       1.69906921e+02, 1.80558411e+02, 2.01015717e+02, 1.82171509e+02,
       2.32684998e+02, 1.83837875e+02, 2.64736328e+02, 1.85413895e+02,
       2.97174469e+02, 1.86723663e+02, 3.30376129e+02, 1.44094299e+02,
       1.41700089e+02, 1.45019196e+02, 1.72351791e+02, 1.46618210e+02,
       2.03847427e+02, 1.48330643e+02, 2.35677582e+02, 1.49693207e+02,
       2.67683350e+02, 1.51217880e+02, 3.00120392e+02, 1.52448807e+02,
       3.32910980e+02, 1.11314613e+02, 1.44811340e+02, 1.12440170e+02,
       1.75732147e+02, 1.13173180e+02, 2.06506927e+02, 1.14556610e+02,
       2.38445312e+02, 1.15786644e+02, 2.70374420e+02, 1.16880341e+02,
       3.02713531e+02, 1.18350494e+02, 3.35904663e+02, 7.91805420e+01,
       1.48016846e+02, 7.94321442e+01, 1.78718536e+02, 8.01919174e+01,
       2.09690262e+02, 8.04751282e+01, 2.40908051e+02, 8.18104553e+01,
       2.73143707e+02, 8.31305771e+01, 3.06080505e+02, 8.44195175e+01,
       3.38667267e+02, 2.63954620e+02, 1.56753906e+02, 2.68846130e+02,
       1.88428314e+02, 2.73945709e+02, 2.19969101e+02, 2.79284119e+02,
       2.52032776e+02, 2.84373901e+02, 2.84383240e+02, 2.89991669e+02,
       3.17092651e+02, 2.95381439e+02, 3.50428375e+02, 2.31678421e+02,
       1.62552200e+02, 2.36411224e+02, 1.94192032e+02, 2.41299927e+02,
       2.25668198e+02, 2.46341385e+02, 2.57834229e+02, 2.51435181e+02,
       2.90361725e+02, 2.56562103e+02, 3.23057343e+02, 2.61721680e+02,
       3.56427002e+02, 1.99310532e+02, 1.68245682e+02, 2.03917999e+02,
       1.99782059e+02, 2.08763519e+02, 2.31475159e+02, 2.13566696e+02,
       2.63621277e+02, 2.18628906e+02, 2.95975555e+02, 2.23704712e+02,
       3.28774384e+02, 2.28472061e+02, 3.61985138e+02, 1.67174042e+02,
       1.74024628e+02, 1.71414993e+02, 2.05659576e+02, 1.76200516e+02,
       2.37268509e+02, 1.80908066e+02, 2.69565155e+02, 1.85635452e+02,
       3.01858185e+02, 1.90459625e+02, 3.34699921e+02, 1.95176376e+02,
       3.68017517e+02, 1.34494324e+02, 1.79791046e+02, 1.38459976e+02,
       2.11205078e+02, 1.43026505e+02, 2.43188431e+02, 1.47737930e+02,
       2.75283142e+02, 1.52423080e+02, 3.07669281e+02, 1.57278427e+02,
       3.40584717e+02, 1.61872604e+02, 3.73663208e+02, 1.02667717e+02,
       1.85571869e+02, 1.06629417e+02, 2.17184555e+02, 1.10472038e+02,
       2.48687820e+02, 1.15162384e+02, 2.81205780e+02, 1.19565308e+02,
       3.13665802e+02, 1.24187836e+02, 3.46441406e+02, 1.29120789e+02,
       3.79385742e+02, 7.12796936e+01, 1.91969711e+02, 7.46587219e+01,
       2.23169266e+02, 7.82091675e+01, 2.54757294e+02, 8.19066010e+01,
       2.86992035e+02, 8.65446701e+01, 3.19461639e+02, 9.13945465e+01,
       3.52262634e+02, 9.61411438e+01, 3.85293213e+02, 2.22637192e+02,
