%YAML:1.0
---
calibration_time: "mar 20 jun 2017 20:09:24 UYT"
image_width: 640
image_height: 480
board_width: 9
board_height: 7
square_size: 1.
aspectRatio: 1.
flags: 2
camera_matrix: !!opencv-matrix
   rows: 3
   cols: 3
   dt: d
   data: [ 5.7518268717678586e+02, 0., 2.7270033612636104e+02, 0.,
       5.7518268717678586e+02, 1.5127339540957806e+02, 0., 0., 1. ]
distortion_coefficients: !!opencv-matrix
   rows: 5
   cols: 1
   dt: d
   data: [ -2.2357353083294895e-01, 5.0371851072922580e-01,
       -4.7406772720369514e-02, -2.0325834886415595e-02,
       -9.6012749065618830e-01 ]
avg_reprojection_error: 3.0934346781617226e+00
